918
247 738
304 537
62 33
386 290
13 682
694 549
209 253
736 22
460 246
336 143
333 154
591 37
816 362
365 280
248 236
276 789
482 148
302 141
16 169
648 317
899 794
409 150
467 256
296 544
627 357
41 5
191 337
351 361
11 14
443 735
106 2
134 318
252 317
522 513
102 166
153 356
611 352
126 542
110 222
75 530
190 873
47 10
14 21
216 767
89 79
591 842
588 534
695 195
3 25
179 232
296 705
599 426
683 637
34 61
342 48
623 119
231 20
805 850
316 305
586 410
711 467
235 213
52 54
181 243
404 834
93 322
75 46
188 63
619 22
760 192
44 87
128 805
134 111
370 336
169 328
237 126
288 840
162 443
114 4
18 212
874 389
193 807
127 650
442 300
630 129
349 351
549 918
147 110
187 176
319 152
28 80
468 156
368 395
37 244
209 39
355 314
144 32
780 546
615 917
307 16
19 32
161 358
4 2
579 604
156 15
189 166
436 573
68 136
886 887
88 103
128 719
621 761
387 496
435 202
829 332
633 166
739 42
543 509
621 891
165 349
592 559
827 393
2 46
799 703
59 96
104 149
763 133
696 741
431 284
164 803
128 629
569 141
668 324
875 738
860 684
9 2
113 5
904 406
159 87
152 69
503 228
173 553
180 541
357 379
15 39
282 378
548 716
210 46
587 606
236 234
794 532
147 685
698 420
50 574
390 101
900 628
86 430
54 500
527 477
201 26
403 692
28 465
376 756
214 116
153 439
31 82
36 116
531 107
444 893
197 85
40 305
223 394
167 313
218 626
493 145
55 3
36 162
538 483
771 825
47 306
758 208
658 234
25 63
168 492
374 47
415 257
105 554
223 37
5 7
876 499
4 345
595 460
138 136
137 67
742 374
539 798
411 373
412 418
115 93
275 217
804 592
105 86
209 651
428 615
78 30
12 10
217 299
78 422
45 123
657 256
480 182
226 203
890 439
294 423
293 327
93 173
606 690
488 54
258 20
157 121
347 268
488 535
193 200
182 335
91 184
19 108
10 34
550 376
523 725
1 2
271 334
182 120
691 765
622 109
233 105
512 298
221 71
242 227
425 322
433 117
340 366
173 396
749 753
597 312
824 121
40 813
620 329
183 808
321 434
526 407
871 714
17 68
62 155
324 102
94 2
8 585
164 332
699 219
354 268
98 1
383 446
491 670
315 222
12 90
196 13
247 552
359 235
14 22
830 778
208 141
151 93
245 451
312 784
481 374
280 153
467 478
51 186
495 570
718 728
525 737
196 399
897 418
828 393
30 118
182 263
324 385
372 257
418 536
3 2
301 424
36 174
27 9
668 722
533 55
76 579
83 464
212 362
33 731
687 795
220 111
194 206
826 458
10 376
96 300
458 395
164 118
637 242
42 246
549 459
54 71
8 3
244 259
121 148
85 432
17 577
389 158
462 751
577 869
383 299
286 320
415 445
10 19
560 57
538 566
841 490
646 405
308 343
800 125
271 200
617 337
671 37
42 35
184 228
43 36
536 866
820 122
97 494
314 313
382 438
46 274
13 278
32 158
192 95
567 334
913 532
707 177
759 336
311 217
245 456
454 469
391 811
10 150
20 6
548 157
24 117
676 498
644 475
636 809
677 28
407 252
94 416
368 211
475 13
687 425
859 139
265 491
127 884
132 125
264 269
199 818
839 855
283 79
83 277
91 23
218 581
315 373
79 74
802 426
459 373
165 12
167 18
910 70
4 10
444 56
833 894
28 1
571 218
6 631
106 589
369 596
781 187
846 474
227 87
400 703
402 107
339 186
170 34
914 893
843 66
2 29
832 811
308 375
878 666
725 817
18 367
130 417
39 254
349 706
636 37
473 499
48 18
441 448
916 504
15 8
53 733
204 180
5 1
499 752
150 656
346 757
831 780
110 42
326 302
552 666
1 11
57 102
454 84
10 229
194 270
131 466
529 624
519 587
447 174
420 788
872 820
909 759
18 504
49 450
610 616
662 106
488 730
509 641
401 283
565 304
787 251
528 351
362 393
793 601
396 562
38 1
305 321
169 479
103 180
801 851
686 445
344 29
247 146
329 483
285 868
712 8
678 376
486 457
388 107
881 231
279 53
72 2
777 435
427 47
441 52
88 125
173 239
168 140
282 152
521 724
30 10
485 62
5 298
127 62
255 428
255 204
429 655
300 312
33 211
612 571
436 463
713 42
265 162
673 559
96 400
101 17
545 142
377 230
708 191
159 721
397 440
864 706
765 853
162 260
294 289
20 406
1 783
28 384
525 406
157 262
58 4
158 879
126 185
340 743
30 845
662 877
340 625
865 72
25 288
497 13
764 627
308 36
186 547
286 797
76 88
99 93
532 13
436 114
303 199
516 870
854 135
18 398
638 121
205 352
9 60
645 353
580 84
139 41
8 59
746 519
821 507
102 782
7 81
511 350
364 152
468 613
11 112
748 13
6 3
25 584
141 649
178 154
171 149
252 240
594 144
276 11
124 49
30 245
86 889
146 69
41 901
6 45
519 269
912 533
143 5
768 885
608 333
61 74
143 202
732 480
92 700
338 234
292 64
53 508
380 301
204 593
744 171
462 395
243 289
575 234
251 160
596 601
4 17
387 54
421 402
790 370
284 609
214 858
502 63
443 559
529 422
285 9
58 107
20 37
369 24
495 124
225 213
664 180
77 27
121 48
533 844
602 358
350 221
68 198
18 7
131 120
413 372
56 66
590 513
660 402
87 267
86 856
778 166
19 284
40 83
815 228
490 62
457 452
672 792
69 775
132 420
40 50
36 21
403 268
769 176
129 642
546 119
80 183
76 57
636 888
516 143
120 55
52 17
374 412
348 181
681 673
209 268
290 27
191 109
52 880
559 867
215 27
558 462
455 160
41 130
124 140
347 680
386 675
242 896
23 10
122 113
257 25
704 702
3 13
437 461
861 39
211 397
7 33
600 164
702 598
238 766
432 814
126 87
126 176
24 8
35 5
306 652
521 240
295 270
361 714
556 524
363 302
489 75
203 634
85 5
87 520
21 64
674 333
502 555
862 524
336 796
177 142
231 614
357 806
513 128
248 473
734 911
524 466
436 837
207 161
11 40
908 127
142 124
578 229
539 380
23 26
69 48
85 470
661 219
251 329
847 817
273 330
143 514
199 83
256 172
477 892
272 7
24 53
85 154
476 326
625 762
404 226
689 310
696 558
65 27
715 518
640 175
323 84
848 766
141 785
190 21
201 523
770 50
233 517
228 405
1 160
49 97
754 507
38 129
505 116
210 669
502 745
660 776
883 598
751 838
672 153
635 174
557 539
408 407
19 163
293 117
487 295
771 71
240 158
70 86
605 173
205 903
662 905
119 907
639 485
73 32
727 237
179 152
329 510
6 786
46 755
326 506
49 39
201 618
199 507
286 26
268 551
250 10
518 34
175 70
152 610
273 222
371 124
100 84
171 296
128 133
629 749
14 410
651 740
43 426
177 297
773 160
265 534
621 287
659 246
696 750
617 833
865 895
801 446
212 691
186 310
653 466
11 16
17 70
219 150
213 20
474 791
723 678
490 906
128 35
22 119
423 863
135 24
88 836
277 726
116 161
563 392
93 13
331 125
849 256
902 542
882 527
172 304
340 204
510 822
93 194
380 839
720 575
498 163
92 36
477 165
116 453
382 142
104 4
205 74
429 203
397 654
419 308
474 85
628 312
205 291
701 525
161 230
191 193
23 31
218 64
261 152
55 216
115 564
819 544
501 184
515 327
368 693
